KeyADOF@qUINT_dof.fx=112,0,0,0
KeyPCGI_One@RadiantGI.fx=46,0,0,0
Techniques=ADOF@qUINT_dof.fx,ContrastAdaptiveSharpen@CAS.fx,GaussianBlur@GaussianBlur.fx,Tonemap@Tonemap.fx,HDR@FakeHDR.fx

[CAS.fx]
Contrast=0.000000
Sharpening=0.700000

[FakeHDR.fx]
HDRPower=1.234000
radius1=0.793000
radius2=0.870000

[GaussianBlur.fx]
GaussianBlurOffset=1.000000
GaussianBlurRadius=1
GaussianBlurStrength=0.250000

[qUINT_dof.fx]
bADOF_AutofocusEnable=0
fADOF_AutofocusCenter=0.500000,0.500000
fADOF_AutofocusRadius=1.000000
fADOF_AutofocusSpeed=100.000000
fADOF_BokehIntensity=0.000000
fADOF_FarBlurCurve=1.250000
fADOF_HyperFocus=0.750000
fADOF_ManualfocusDepth=0.550000
fADOF_NearBlurCurve=10000.000000
fADOF_RenderResolutionMult=1.000000
fADOF_ShapeAnamorphRatio=1.000000
fADOF_ShapeChromaAmount=-0.100000
fADOF_ShapeCurvatureAmount=1.000000
fADOF_ShapeRadius=5.000000
fADOF_ShapeRotation=0.000000
fADOF_SmootheningAmount=0.929000
iADOF_BokehMode=0
iADOF_ShapeChromaMode=2
iADOF_ShapeQuality=5
iADOF_ShapeVertices=10

[RadiantGI.fx]
Blend=0
Debug=0
Deep_Scattering=0.100000
Depth_Map=0
Depth_Map_Adjust=7.500000
Depth_Map_Flip=0
Diffusion_Saturation_Power=0.250000,0.500000
D_Irradiance=0.000000
GI_Power=1.000000
GI_Ray_Length=250.000000
GI_Res=0.700000
GI_Saturation=1.000000
GI_Sky_Saturation=1.000000
HDR_BP=0.500000
IGN_Toggle=1
Internals=0.540000,0.010000,0.010000
Luma_Map=0.500000
NCD=0.125000,0.000000
Offset=0.000000
PCGI_2DTexture_Detail=0.000000,1.000000
PCGI_Fade=1.000000
PP_Options=0
RadiantGI=0
Reflectivness=1.000000,0.500000
samples=6.000000
SamplesXY=6
Scattering=0
Sky_Adustment=3
Sky_Emissive_Selection=0
SSS_Seek=0.250000
Target_Lighting=0.050000
Trim=0.000000
Wrap=0.500000

[Tonemap.fx]
Bleach=0.000000
Defog=0.000000
Exposure=0.017000
FogColor=0.000000,0.000000,1.000000
Gamma=1.124000
Saturation=-0.198000

