Techniques=Tint@Sepia.fx,Tonemap@Tonemap.fx,ContrastAdaptiveSharpen@CAS.fx,HDR@FakeHDR.fx,Levels@Levels.fx

[CAS.fx]
Contrast=0.500000
Sharpening=1.550000

[FakeHDR.fx]
HDRPower=1.279998
radius1=0.785000
radius2=0.890000

[Levels.fx]
BlackPoint=0
HighlightClipping=0
WhitePoint=245

[Sepia.fx]
Strength=0.514999
Tint=0.624697,0.531150,0.523354

[Tonemap.fx]
Bleach=0.000000
Defog=0.010000
Exposure=-0.225000
FogColor=0.854722,0.000000,0.000000
Gamma=1.000000
Saturation=-0.294999

